{
  "advancedEditorSelectedIdentifier" : "ProjectBrowser",
  "openSceneRelativePaths" : [
    "Immersive.usda",
    "Scene.usda"
  ],
  "recentIdentifiers" : {
    "AF09ED6F-1707-48FD-8720-65B998362C09" : [

    ],
    "D66134B1-3681-4A8E-AFE5-29F257229F3B" : [

    ]
  },
  "sceneCameraHistory" : {
    "00A21166-0063-4207-BE2F-13E83BECCA01" : [
      {
        "date" : 716584996.00958097,
        "title" : "Untitled",
        "transform" : [
          1,
          0,
          0,
          0,
          0,
          0.86602538824081421,
          -0.50000005960464478,
          0,
          0,
          0.50000005960464478,
          0.86602538824081421,
          0,
          0,
          0.23970410227775574,
          0.41517972946166992,
          1
        ]
      }
    ],
    "AF09ED6F-1707-48FD-8720-65B998362C09" : [
      {
        "date" : 716665186.91019905,
        "title" : "Untitled",
        "transform" : [
          0.97638785839080811,
          -9.823102331552036e-10,
          -0.21602481603622437,
          0,
          -0.036459587514400482,
          0.98565453290939331,
          -0.16478997468948364,
          0,
          0.21292583644390106,
          0.16877509653568268,
          0.96238112449645996,
          0,
          0.029778718948364258,
          1.1330915689468384,
          1.1555600166320801,
          1
        ]
      },
      {
        "date" : 716665174.09389102,
        "title" : "Untitled",
        "transform" : [
          0.97638785839080811,
          -9.823102331552036e-10,
          -0.21602481603622437,
          0,
          -0.036459587514400482,
          0.98565453290939331,
          -0.16478997468948364,
          0,
          0.21292583644390106,
          0.16877509653568268,
          0.96238112449645996,
          0,
          1.0861728191375732,
          1.1314388513565063,
          0.92212438583374023,
          1
        ]
      },
      {
        "date" : 716665172.37146103,
        "title" : "Untitled",
        "transform" : [
          0.97638785839080811,
          -9.823102331552036e-10,
          -0.21602481603622437,
          0,
          -0.036459587514400482,
          0.98565453290939331,
          -0.16478997468948364,
          0,
          0.21292583644390106,
          0.16877509653568268,
          0.96238112449645996,
          0,
          0.16009485721588135,
          1.1154452562332153,
          1.1298232078552246,
          1
        ]
      },
      {
        "date" : 716587947.03672802,
        "title" : "Untitled",
        "transform" : [
          0.97638785839080811,
          -9.823102331552036e-10,
          -0.21602481603622437,
          0,
          -0.036459587514400482,
          0.98565453290939331,
          -0.16478997468948364,
          0,
          0.21292583644390106,
          0.16877509653568268,
          0.96238112449645996,
          0,
          0.21669305860996246,
          1.0768495798110962,
          1.1240692138671875,
          1
        ]
      },
      {
        "date" : 716587938.32116497,
        "title" : "Untitled",
        "transform" : [
          0.97638785839080811,
          -9.823102331552036e-10,
          -0.21602481603622437,
          0,
          -0.036459587514400482,
          0.98565453290939331,
          -0.16478997468948364,
          0,
          0.21292583644390106,
          0.16877509653568268,
          0.96238112449645996,
          0,
          -0.31395477056503296,
          0.39746201038360596,
          -1.132398247718811,
          1
        ]
      },
      {
        "date" : 716587881.72065103,
        "title" : "Untitled",
        "transform" : [
          0.97638785839080811,
          -9.823102331552036e-10,
          -0.21602481603622437,
          0,
          -0.036459587514400482,
          0.98565453290939331,
          -0.16478997468948364,
          0,
          0.21292583644390106,
          0.16877509653568268,
          0.96238112449645996,
          0,
          -0.30698227882385254,
          0.22088730335235596,
          -1.102974534034729,
          1
        ]
      },
      {
        "date" : 716587837.72296202,
        "title" : "Untitled",
        "transform" : [
          0.97638785839080811,
          -9.823102331552036e-10,
          -0.21602481603622437,
          0,
          -0.036459587514400482,
          0.98565453290939331,
          -0.16478997468948364,
          0,
          0.21292583644390106,
          0.16877509653568268,
          0.96238112449645996,
          0,
          -0.30626621842384338,
          0.20152127742767334,
          -1.0997366905212402,
          1
        ]
      },
      {
        "date" : 716587750.87147701,
        "title" : "Untitled",
        "transform" : [
          0.97638785839080811,
          -9.823102331552036e-10,
          -0.21602481603622437,
          0,
          -0.036459587514400482,
          0.98565453290939331,
          -0.16478997468948364,
          0,
          0.21292583644390106,
          0.16877509653568268,
          0.96238112449645996,
          0,
          -0.30190789699554443,
          0.32144266366958618,
          -1.1217318773269653,
          1
        ]
      },
      {
        "date" : 716587693.75694799,
        "title" : "Untitled",
        "transform" : [
          0.97638785839080811,
          -9.823102331552036e-10,
          -0.21602481603622437,
          0,
          -0.036459587514400482,
          0.98565453290939331,
          -0.16478997468948364,
          0,
          0.21292583644390106,
          0.16877509653568268,
          0.96238112449645996,
          0,
          -0.29977810382843018,
          0.28998076915740967,
          -1.1166855096817017,
          1
        ]
      },
      {
        "date" : 716587686.50516105,
        "title" : "Untitled",
        "transform" : [
          0.97638785839080811,
          -9.823102331552036e-10,
          -0.21602481603622437,
          0,
          -0.036459587514400482,
          0.98565453290939331,
          -0.16478997468948364,
          0,
          0.21292583644390106,
          0.16877509653568268,
          0.96238112449645996,
          0,
          0.20960921049118042,
          0.70298582315444946,
          1.1667985916137695,
          1
        ]
      }
    ],
    "D66134B1-3681-4A8E-AFE5-29F257229F3B" : [
      {
        "date" : 716588210.45200002,
        "title" : "Untitled",
        "transform" : [
          0.35939067602157593,
          1.5761818517034953e-09,
          -0.93318724632263184,
          0,
          -0.338093101978302,
          0.93206173181533813,
          -0.13020703196525574,
          0,
          0.86978816986083984,
          0.36229944229125977,
          0.33497422933578491,
          0,
          0.80551236867904663,
          0.28123417496681213,
          0.27951449155807495,
          1
        ]
      },
      {
        "date" : 716588193.98865795,
        "title" : "Untitled",
        "transform" : [
          0.61839640140533447,
          1.1482255146688658e-09,
          -0.785866379737854,
          0,
          -0.26324543356895447,
          0.94222700595855713,
          -0.20714724063873291,
          0,
          0.74046462774276733,
          0.33497488498687744,
          0.58266979455947876,
          0,
          0.70884257555007935,
          0.25092270970344543,
          0.58090031147003174,
          1
        ]
      },
      {
        "date" : 716588191.63530302,
        "title" : "Untitled",
        "transform" : [
          0.63762563467025757,
          -2.7061730634159176e-10,
          -0.77034640312194824,
          0,
          -0.14828035235404968,
          0.98129981756210327,
          -0.12273358553647995,
          0,
          0.75594085454940796,
          0.19248536229133606,
          0.625701904296875,
          0,
          0.68813014030456543,
          0.11576209962368011,
          0.59315353631973267,
          1
        ]
      },
      {
        "date" : 716588183.82235503,
        "title" : "Untitled",
        "transform" : [
          0.50287210941314697,
          -2.9482407626346685e-09,
          -0.86436080932617188,
          0,
          -0.42127925157546997,
          0.87318539619445801,
          -0.24509391188621521,
          0,
          0.75474727153778076,
          0.48738819360733032,
          0.43910050392150879,
          0,
          0.76979446411132812,
          0.4035065770149231,
          0.46886944770812988,
          1
        ]
      },
      {
        "date" : 716588177.82319903,
        "title" : "Untitled",
        "transform" : [
          0.52411770820617676,
          -1.5523626828439774e-09,
          -0.851645827293396,
          0,
          -0.061261415481567383,
          0.99740946292877197,
          -0.037701338529586792,
          0,
          0.84943968057632446,
          0.071932993829250336,
          0.52275991439819336,
          0,
          0.78184080123901367,
          -0.003015922149643302,
          0.50248682498931885,
          1
        ]
      },
      {
        "date" : 716588170.83942103,
        "title" : "Untitled",
        "transform" : [
          0.99701946973800659,
          5.5613746940963438e-10,
          -0.077150717377662659,
          0,
          -0.017107328400015831,
          0.97510606050491333,
          -0.22107814252376556,
          0,
          0.075230129063129425,
          0.2217390388250351,
          0.97219961881637573,
          0,
          0.052792314440011978,
          0.13735070824623108,
          0.91767364740371704,
          1
        ]
      },
      {
        "date" : 716588165.36363697,
        "title" : "Untitled",
        "transform" : [
          1,
          0,
          0,
          0,
          0,
          0.86602544784545898,
          -0.49999988079071045,
          0,
          0,
          0.49999988079071045,
          0.86602544784545898,
          0,
          -0.018164217472076416,
          0.40280351042747498,
          0.83737480640411377,
          1
        ]
      },
      {
        "date" : 716585363.66950297,
        "title" : "Untitled",
        "transform" : [
          1,
          0,
          0,
          0,
          0,
          0.86602544784545898,
          -0.49999988079071045,
          0,
          0,
          0.49999988079071045,
          0.86602544784545898,
          0,
          -0.00035545974969863892,
          0.46091365814208984,
          0.80690681934356689,
          1
        ]
      },
      {
        "date" : 716585361.62823999,
        "title" : "Untitled",
        "transform" : [
          1,
          0,
          0,
          0,
          0,
          0.86602544784545898,
          -0.49999988079071045,
          0,
          0,
          0.49999988079071045,
          0.86602544784545898,
          0,
          -0.00035545974969863892,
          0.077611766755580902,
          0.14300835132598877,
          1
        ]
      },
      {
        "date" : 716585078.74508905,
        "title" : "Untitled",
        "transform" : [
          1,
          0,
          0,
          0,
          0,
          0.86602544784545898,
          -0.49999988079071045,
          0,
          0,
          0.49999988079071045,
          0.86602544784545898,
          0,
          0,
          0.074484549462795258,
          0.14481383562088013,
          1
        ]
      }
    ]
  },
  "selectedSceneRelativePath" : "Immersive.usda"
}