{
  "advancedEditorSelectedIdentifier" : "ProjectBrowser",
  "openSceneRelativePaths" : [
    "Immersive.usda",
    "Scene.usda"
  ],
  "recentIdentifiers" : {
    "AF09ED6F-1707-48FD-8720-65B998362C09" : [

    ]
  },
  "sceneCameraHistory" : {
    "00A21166-0063-4207-BE2F-13E83BECCA01" : [
      {
        "date" : 716584996.00958097,
        "title" : "Untitled",
        "transform" : [
          1,
          0,
          0,
          0,
          0,
          0.86602538824081421,
          -0.50000005960464478,
          0,
          0,
          0.50000005960464478,
          0.86602538824081421,
          0,
          0,
          0.23970410227775574,
          0.41517972946166992,
          1
        ]
      }
    ],
    "AF09ED6F-1707-48FD-8720-65B998362C09" : [
      {
        "date" : 716586220.24376595,
        "title" : "Untitled",
        "transform" : [
          1,
          0,
          0,
          0,
          0,
          0.86602586507797241,
          -0.49999919533729553,
          0,
          0,
          0.49999919533729553,
          0.86602586507797241,
          0,
          0.057912766933441162,
          1.8518455028533936,
          -0.80020630359649658,
          1
        ]
      },
      {
        "date" : 716585069.65196204,
        "title" : "Untitled",
        "transform" : [
          1,
          0,
          0,
          0,
          0,
          0.86602586507797241,
          -0.49999919533729553,
          0,
          0,
          0.49999919533729553,
          0.86602586507797241,
          0,
          0.25683498382568359,
          1.9123886823654175,
          -0.83516085147857666,
          1
        ]
      },
      {
        "date" : 716585059.077582,
        "title" : "Untitled",
        "transform" : [
          1,
          0,
          0,
          0,
          0,
          0.86602586507797241,
          -0.49999919533729553,
          0,
          0,
          0.49999919533729553,
          0.86602586507797241,
          0,
          -0.29974225163459778,
          1.6381651163101196,
          -1.2049353122711182,
          1
        ]
      },
      {
        "date" : 716584977.45633996,
        "title" : "Untitled",
        "transform" : [
          1,
          0,
          0,
          0,
          0,
          0.86602586507797241,
          -0.49999919533729553,
          0,
          0,
          0.49999919533729553,
          0.86602586507797241,
          0,
          0,
          4.1552648544311523,
          5.0797910690307617,
          1
        ]
      }
    ],
    "D66134B1-3681-4A8E-AFE5-29F257229F3B" : [
      {
        "date" : 716585363.66950297,
        "title" : "Untitled",
        "transform" : [
          1,
          0,
          0,
          0,
          0,
          0.86602544784545898,
          -0.49999988079071045,
          0,
          0,
          0.49999988079071045,
          0.86602544784545898,
          0,
          -0.00035545974969863892,
          0.46091365814208984,
          0.80690681934356689,
          1
        ]
      },
      {
        "date" : 716585361.62823999,
        "title" : "Untitled",
        "transform" : [
          1,
          0,
          0,
          0,
          0,
          0.86602544784545898,
          -0.49999988079071045,
          0,
          0,
          0.49999988079071045,
          0.86602544784545898,
          0,
          -0.00035545974969863892,
          0.077611766755580902,
          0.14300835132598877,
          1
        ]
      },
      {
        "date" : 716585078.74508905,
        "title" : "Untitled",
        "transform" : [
          1,
          0,
          0,
          0,
          0,
          0.86602544784545898,
          -0.49999988079071045,
          0,
          0,
          0.49999988079071045,
          0.86602544784545898,
          0,
          0,
          0.074484549462795258,
          0.14481383562088013,
          1
        ]
      },
      {
        "date" : 716585077.09370697,
        "title" : "Untitled",
        "transform" : [
          1,
          0,
          0,
          0,
          0,
          0.86602544784545898,
          -0.49999988079071045,
          0,
          0,
          0.49999988079071045,
          0.86602544784545898,
          0,
          -4.7523689270019531,
          0.11556395143270493,
          0.21021495759487152,
          1
        ]
      },
      {
        "date" : 716585010.39672303,
        "title" : "Untitled",
        "transform" : [
          1,
          0,
          0,
          0,
          0,
          0.86602544784545898,
          -0.49999988079071045,
          0,
          0,
          0.49999988079071045,
          0.86602544784545898,
          0,
          -0.036618903279304504,
          0.19338077306747437,
          0.44306188821792603,
          1
        ]
      },
      {
        "date" : 716584989.76126897,
        "title" : "Untitled",
        "transform" : [
          1,
          0,
          0,
          0,
          0,
          0.86602544784545898,
          -0.49999988079071045,
          0,
          0,
          0.49999988079071045,
          0.86602544784545898,
          0,
          0,
          0.24010998010635376,
          0.41608273983001709,
          1
        ]
      }
    ]
  },
  "selectedSceneRelativePath" : "Immersive.usda"
}