{
  "advancedEditorSelectedIdentifier" : "ProjectBrowser",
  "openSceneRelativePaths" : [
    "Immersive.usda",
    "Scene.usda"
  ],
  "recentIdentifiers" : {
    "AF09ED6F-1707-48FD-8720-65B998362C09" : [

    ],
    "D66134B1-3681-4A8E-AFE5-29F257229F3B" : [

    ]
  },
  "sceneCameraHistory" : {
    "00A21166-0063-4207-BE2F-13E83BECCA01" : [
      {
        "date" : 716584996.009581,
        "title" : "Untitled",
        "transform" : [
          1,
          0,
          0,
          0,
          0,
          0.8660254,
          -0.50000006,
          0,
          0,
          0.50000006,
          0.8660254,
          0,
          0,
          0.2397041,
          0.41517973,
          1
        ]
      }
    ],
    "AF09ED6F-1707-48FD-8720-65B998362C09" : [
      {
        "date" : 716665186.910199,
        "title" : "Untitled",
        "transform" : [
          0.97638786,
          -9.823102e-10,
          -0.21602482,
          0,
          -0.036459588,
          0.98565453,
          -0.16478997,
          0,
          0.21292584,
          0.1687751,
          0.9623811,
          0,
          0.029778719,
          1.1330916,
          1.15556,
          1
        ]
      },
      {
        "date" : 716665174.093891,
        "title" : "Untitled",
        "transform" : [
          0.97638786,
          -9.823102e-10,
          -0.21602482,
          0,
          -0.036459588,
          0.98565453,
          -0.16478997,
          0,
          0.21292584,
          0.1687751,
          0.9623811,
          0,
          1.0861728,
          1.1314389,
          0.9221244,
          1
        ]
      },
      {
        "date" : 716665172.371461,
        "title" : "Untitled",
        "transform" : [
          0.97638786,
          -9.823102e-10,
          -0.21602482,
          0,
          -0.036459588,
          0.98565453,
          -0.16478997,
          0,
          0.21292584,
          0.1687751,
          0.9623811,
          0,
          0.16009486,
          1.1154453,
          1.1298232,
          1
        ]
      },
      {
        "date" : 716587947.036728,
        "title" : "Untitled",
        "transform" : [
          0.97638786,
          -9.823102e-10,
          -0.21602482,
          0,
          -0.036459588,
          0.98565453,
          -0.16478997,
          0,
          0.21292584,
          0.1687751,
          0.9623811,
          0,
          0.21669306,
          1.0768496,
          1.1240692,
          1
        ]
      },
      {
        "date" : 716587938.321165,
        "title" : "Untitled",
        "transform" : [
          0.97638786,
          -9.823102e-10,
          -0.21602482,
          0,
          -0.036459588,
          0.98565453,
          -0.16478997,
          0,
          0.21292584,
          0.1687751,
          0.9623811,
          0,
          -0.31395477,
          0.397462,
          -1.1323982,
          1
        ]
      },
      {
        "date" : 716587881.720651,
        "title" : "Untitled",
        "transform" : [
          0.97638786,
          -9.823102e-10,
          -0.21602482,
          0,
          -0.036459588,
          0.98565453,
          -0.16478997,
          0,
          0.21292584,
          0.1687751,
          0.9623811,
          0,
          -0.30698228,
          0.2208873,
          -1.1029745,
          1
        ]
      },
      {
        "date" : 716587837.722962,
        "title" : "Untitled",
        "transform" : [
          0.97638786,
          -9.823102e-10,
          -0.21602482,
          0,
          -0.036459588,
          0.98565453,
          -0.16478997,
          0,
          0.21292584,
          0.1687751,
          0.9623811,
          0,
          -0.30626622,
          0.20152128,
          -1.0997367,
          1
        ]
      },
      {
        "date" : 716587750.871477,
        "title" : "Untitled",
        "transform" : [
          0.97638786,
          -9.823102e-10,
          -0.21602482,
          0,
          -0.036459588,
          0.98565453,
          -0.16478997,
          0,
          0.21292584,
          0.1687751,
          0.9623811,
          0,
          -0.3019079,
          0.32144266,
          -1.1217319,
          1
        ]
      },
      {
        "date" : 716587693.756948,
        "title" : "Untitled",
        "transform" : [
          0.97638786,
          -9.823102e-10,
          -0.21602482,
          0,
          -0.036459588,
          0.98565453,
          -0.16478997,
          0,
          0.21292584,
          0.1687751,
          0.9623811,
          0,
          -0.2997781,
          0.28998077,
          -1.1166855,
          1
        ]
      },
      {
        "date" : 716587686.505161,
        "title" : "Untitled",
        "transform" : [
          0.97638786,
          -9.823102e-10,
          -0.21602482,
          0,
          -0.036459588,
          0.98565453,
          -0.16478997,
          0,
          0.21292584,
          0.1687751,
          0.9623811,
          0,
          0.20960921,
          0.7029858,
          1.1667986,
          1
        ]
      }
    ],
    "D66134B1-3681-4A8E-AFE5-29F257229F3B" : [
      {
        "date" : 718510653.482496,
        "title" : "Untitled",
        "transform" : [
          0.3593906,
          -6.114033e-08,
          -0.93318725,
          0,
          -0.33809316,
          0.9320618,
          -0.13020706,
          0,
          0.86978817,
          0.3622994,
          0.33497426,
          0,
          1.0917332,
          0.334415,
          0.4203612,
          1
        ]
      },
      {
        "date" : 716588210.452,
        "title" : "Untitled",
        "transform" : [
          0.35939068,
          1.5761819e-09,
          -0.93318725,
          0,
          -0.3380931,
          0.93206173,
          -0.13020703,
          0,
          0.86978817,
          0.36229944,
          0.33497423,
          0,
          0.80551237,
          0.28123417,
          0.2795145,
          1
        ]
      },
      {
        "date" : 716588193.988658,
        "title" : "Untitled",
        "transform" : [
          0.6183964,
          1.1482255e-09,
          -0.7858664,
          0,
          -0.26324543,
          0.942227,
          -0.20714724,
          0,
          0.7404646,
          0.33497488,
          0.5826698,
          0,
          0.7088426,
          0.2509227,
          0.5809003,
          1
        ]
      },
      {
        "date" : 716588191.635303,
        "title" : "Untitled",
        "transform" : [
          0.63762563,
          -2.706173e-10,
          -0.7703464,
          0,
          -0.14828035,
          0.9812998,
          -0.122733586,
          0,
          0.75594085,
          0.19248536,
          0.6257019,
          0,
          0.68813014,
          0.1157621,
          0.59315354,
          1
        ]
      },
      {
        "date" : 716588183.822355,
        "title" : "Untitled",
        "transform" : [
          0.5028721,
          -2.9482408e-09,
          -0.8643608,
          0,
          -0.42127925,
          0.8731854,
          -0.24509391,
          0,
          0.7547473,
          0.4873882,
          0.4391005,
          0,
          0.76979446,
          0.40350658,
          0.46886945,
          1
        ]
      },
      {
        "date" : 716588177.823199,
        "title" : "Untitled",
        "transform" : [
          0.5241177,
          -1.5523627e-09,
          -0.8516458,
          0,
          -0.061261415,
          0.99740946,
          -0.03770134,
          0,
          0.8494397,
          0.071932994,
          0.5227599,
          0,
          0.7818408,
          -0.0030159221,
          0.5024868,
          1
        ]
      },
      {
        "date" : 716588170.839421,
        "title" : "Untitled",
        "transform" : [
          0.99701947,
          5.5613747e-10,
          -0.07715072,
          0,
          -0.017107328,
          0.97510606,
          -0.22107814,
          0,
          0.07523013,
          0.22173904,
          0.9721996,
          0,
          0.052792314,
          0.13735071,
          0.91767365,
          1
        ]
      },
      {
        "date" : 716588165.363637,
        "title" : "Untitled",
        "transform" : [
          1,
          0,
          0,
          0,
          0,
          0.86602545,
          -0.49999988,
          0,
          0,
          0.49999988,
          0.86602545,
          0,
          -0.018164217,
          0.4028035,
          0.8373748,
          1
        ]
      },
      {
        "date" : 716585363.669503,
        "title" : "Untitled",
        "transform" : [
          1,
          0,
          0,
          0,
          0,
          0.86602545,
          -0.49999988,
          0,
          0,
          0.49999988,
          0.86602545,
          0,
          -0.00035545975,
          0.46091366,
          0.8069068,
          1
        ]
      },
      {
        "date" : 716585361.62824,
        "title" : "Untitled",
        "transform" : [
          1,
          0,
          0,
          0,
          0,
          0.86602545,
          -0.49999988,
          0,
          0,
          0.49999988,
          0.86602545,
          0,
          -0.00035545975,
          0.07761177,
          0.14300835,
          1
        ]
      }
    ]
  },
  "selectedSceneRelativePath" : "Scene.usda"
}